0
128
288
544
800
928
1024
928
832
576
320
0
-320
-608
-864
-992
-1056
-992
-832
-608
-352
-32
320
576
832
928
1024
928
832
576
320
0
-320
-608
-864
-992
-1056
-992
-832
-608
-352
-32
320
576
832
928
1024
928
832
576
320
0
-320
-608
-864
-992
-1056
-992
-832
-608
-352
-32
320
576
832
928
1024
928
832
576
320
0
-320
-608
-864
-992
-1056
-992
-832
-608
-352
-32
320
576
832
928
1024
928
832
576
320
0
-320
-608
-864
-992
-1056
-992
-832
-608
-352
-32
320
576
832
928
1024
928
832
576
320
0
-320
-608
-864
-992
-1056
-992
-832
-608
-352
-32
320
576
832
928
1024
928
832
576
320
0
-320
-608
-864
-992
-1056
-992
-832
-608
-352
-32
320
576
832
928
1024
928
832
576
320
0
-320
-608
-864
-992
-1056
-992
-832
-608
-352
-32
320
576
832
928
1024
928
832
576
320
0
-320
-608
-864
-992
-1056
-992
-832
-608
-352
-32
320
576
832
928
1024
928
832
576
320
0
-320
-608
-864
-992
-1056
-992
-832
-608
-352
