0
128
288
544
768
896
960
864
736
512
256
-64
-416
-672
-896
-1056
-1088
-1056
-960
-672
-416
-96
224
544
736
896
960
864
736
512
256
-64
-416
-672
-896
-1056
-1088
-1056
-960
-672
-416
-96
224
544
736
896
960
864
736
512
256
-64
-416
-672
-896
-1056
-1088
-1056
-960
-672
-416
-96
224
544
736
896
960
864
736
512
256
-64
-416
-672
-896
-1056
-1088
-1056
-960
-672
-416
-96
224
544
736
896
960
864
736
512
256
-64
-416
-672
-896
-1056
-1088
-1056
-960
-672
-416
-96
224
544
736
896
960
864
736
512
256
-64
-416
-672
-896
-1056
-1088
-1056
-960
-672
-416
-96
192
512
704
864
960
864
736
512
256
-64
-416
-672
-896
-1056
-1088
-1056
-960
-672
-416
-96
224
544
736
896
960
864
736
512
256
-64
-416
-672
-896
-1056
-1088
-1056
-960
-672
-416
-96
192
512
704
864
960
864
736
512
256
-64
-416
-672
-896
-1056
-1088
-1056
-960
-672
-416
-96
224
544
736
896
960
864
736
512
256
-64
-416
-672
-896
-1056
-1088
-1056
-960
-672
-416
